using TspGenetic.Business.Model;

namespace TspGenetic.Business.Service
{
    public static class Map
    {
        private static readonly int[, ] distanceMatrix = new int[, ]
        {
            { 0, 439, 894, 924, 1567, 1567, 991, 627, 1508, 333 },
            { 439, 0, 1222, 485, 1190, 1190, 680, 310, 1057, 771 },
            { 894, 1222, 0, 1374, 951, 951, 913, 1222, 2234, 1128 },
            { 924, 485, 1374, 0, 1523, 1100, 567, 441, 582, 1246 },
            { 1567, 1190, 951, 1523, 0, 2166, 1602, 1243, 2124, 638 },
            { 1567, 1190, 951, 1100, 2166, 0, 511, 860, 1403, 1801 },
            { 991, 680, 913, 564, 1602, 511, 0, 360, 902, 1306 },
            { 627, 310, 1222, 441, 1243, 860, 360, 0, 1017, 946 },
            { 1508, 1057, 2234, 582, 2124, 1403, 902, 1017, 0, 1827},
            { 333, 771, 1128, 1246, 638, 1801, 1306, 946, 1827, 0 }
        };

        public static int GetDistance(City start, City end)
        {
            return distanceMatrix[(int)start, (int)end];
        }
    }
}
